# k	S
0.11780972450961723	0.018255043950576703
0.35342917352885167	0.01839970298911726
0.5890486225480861	0.0186930774095065
0.8246680715673206	0.019143502505927095
1.060287520586555	0.019764057802284886
1.2959069696057894	0.02057331739701812
1.531526418625024	0.02159645632101156
1.7671458676442584	0.022866822187158475
2.002765316663493	0.024428136075048405
2.2383847656827274	0.026337567163432735
2.474004214701962	0.028670047576897503
2.7096236637211963	0.03152438270186306
2.945243112740431	0.03503201070464221
3.1808625617596653	0.03936974697386358
3.4164820107789	0.04477864490407785
3.6521014597981343	0.05159244917851939
3.8877209088173683	0.060281448141138394
4.123340357836603	0.0715216805786237
4.358959806855838	0.08630705236755948
4.594579255875072	0.10613626428720026
4.830198704894307	0.13333436045953564
5.065818153913541	0.17162453025770566
5.301437602932776	0.22717962905084108
5.53705705195201	0.3106137173424889
5.772676500971244	0.44080474813807047
6.008295949990479	0.651948843767913
6.243915399009713	1.0037173205086396
6.479534848028948	1.5770103340287958
6.715154297048182	2.360584534425659
6.950773746067417	2.9403413307324633
7.186393195086651	2.7888809294168952
7.422012644105886	2.199636241282041
7.65763209312512	1.6526529890694153
7.8932515421443545	1.2680082832109463
8.12887099116359	1.0139209990846447
8.364490440182824	0.8462575780653411
8.600109889202058	0.7344990513060933
8.835729338221292	0.6599173481172955
9.071348787240527	0.6112458238467527
9.306968236259761	0.5816949847857923
9.542587685278995	0.5671973993985895
9.77820713429823	0.5654075709310832
10.013826583317464	0.5751288057342127
10.2494460323367	0.5959745416427253
10.485065481355933	0.6281489626951341
10.720684930375167	0.6722668385971042
10.956304379394401	0.7291401726238919
11.191923828413637	0.7994497591489956
11.427543277432871	0.8832077132219996
11.663162726452105	0.9789364655494208
11.89878217547134	1.082609626805991
12.134401624490575	1.186704317267642
12.37002107350981	1.2801641748600594
12.605640522529043	1.3502470887682245
12.841259971548277	1.3863858094536454
13.076879420567513	1.3843242740936361
13.312498869586747	1.3477518198377347
13.548118318605981	1.2862805431172424
13.783737767625215	1.2114478293351587
14.01935721664445	1.1333408158645508
14.254976665663685	1.05908057416267
14.49059611468292	0.9928484269409633
14.726215563702153	0.9366160250339493
14.961835012721387	0.8909614995104399
15.197454461740623	0.8557080153213985
15.433073910759857	0.8303424188340716
15.668693359779091	0.814257114016458
15.904312808798325	0.8068713650928792
16.13993225781756	0.8076758122157989
16.375551706836795	0.8162278114354349
16.61117115585603	0.8321123743333511
16.846790604875263	0.8548752953140374
17.0824100538945	0.883931463472181
17.31802950291373	0.9184526251236642
17.553648951932967	0.9572457659252799
17.789268400952203	0.9986461407800727
18.024887849971435	1.040465457644007
18.26050729899067	1.0800479335775452
18.496126748009903	1.1144806403615208
18.73174619702914	1.1409653898143837
18.967365646048375	1.157288468022742
19.202985095067607	1.1622529165888138
19.438604544086843	1.155917764104754
19.67422399310608	1.1395511454886431
19.90984344212531	1.115321896412042
20.145462891144547	1.0858541955567718
20.38108234016378	1.0537956657805987
20.616701789183015	1.0215035695515677
20.85232123820225	0.9908815700841824
21.087940687221483	0.9633439989610925
21.32356013624072	0.9398612391628416
21.55917958525995	0.9210416262143095
21.794799034279187	0.9072182923073853
22.030418483298423	0.8985232950868177
22.266037932317655	0.8949416554457095
22.50165738133689	0.8963440187588361
22.737276830356127	0.9024996809244986
22.97289627937536	0.9130731056433754
23.208515728394595	0.9276079576195241
23.444135177413827	0.9455038474918092
23.679754626433063	0.9659927672000218
23.9153740754523	0.9881244278729288
24.15099352447153	1.010771598154581
24.386612973490767	1.032666602848205
24.62223242251	1.0524765630186064
24.857851871529235	1.0689165486330412
25.09347132054847	1.0808874427422337
25.329090769567703	1.0876128869383068
25.56471021858694	1.0887432602173732
25.800329667606174	1.0843992311035122
26.035949116625407	1.075143058005702
26.271568565644642	1.0618863854708123
26.507188014663875	1.045759770553841
26.74280746368311	1.0279751353287494
26.978426912702346	1.0097073246445756
27.21404636172158	0.992009519119586
27.449665810740814	0.9757652995430477
27.68528525976005	0.9616716758643243
27.920904708779283	0.9502435068812465
28.15652415779852	0.9418295313688138
28.39214360681775	0.9366320903243902
28.627763055836986	0.934725157746621
28.863382504856222	0.9360676985072865
29.099001953875455	0.9405113349424471
29.33462140289469	0.9478028417933833
29.570240851913923	0.9575832351354975
29.80586030093316	0.9693862855956957
30.041479749952394	0.9826401648896392
30.277099198971626	0.9966764582543124
30.512718647990862	1.0107506168256395
30.748338097010098	1.0240766939736263
30.98395754602933	1.0358766612651173
31.219576995048566	1.0454409062567969
31.4551964440678	1.052192478605287
31.690815893087034	1.0557446370601395
31.92643534210627	1.055940701381848
32.162054791125506	1.0528678928057775
32.39767424014474	1.04684223864396
32.63329368916397	1.0383679726310449
32.86891313818321	1.028079984825909
33.10453258720244	1.0166801795332425
33.340152036221674	1.0048777837915281
33.57577148524091	0.9933406023788087
33.811390934260146	0.9826603716589949
34.04701038327938	0.9733319854963427
34.28262983229861	0.9657441415726352
34.51824928131785	0.9601779901998189
34.75386873033708	0.9568103954534626
34.989488179356314	0.9557190560066542
35.225107628375554	0.9568876448733596
35.460727077394786	0.9602100912660098
35.69634652641402	0.9654940265367922
35.93196597543326	0.9724641940363367
36.16758542445249	0.9807672375627152
36.40320487347172	0.9899796701228509
36.638824322490954	0.9996208832677063
36.874443771510194	1.0091726686000089
37.110063220529426	1.01810580349128
37.34568266954866	1.0259128323423792
37.5813021185679	1.0321444685708954
37.81692156758713	1.036445467862111
38.05254101660636	1.0385849095923787
38.2881604656256	1.0384760187227975
38.523779914644834	1.0361821054915672
38.759399363664066	1.0319075980023587
38.995018812683305	1.0259758268027113
39.23063826170254	1.0187974127752244
39.46625771072177	1.0108342375900177
39.701877159741	1.0025638773813188
39.93749660876024	0.9944483020996588
40.173116057779474	0.986909069108924
40.408735506798706	0.9803096676712534
40.644354955817946	0.9749444506341521
40.87997440483718	0.9710328692018761
41.11559385385641	0.968717487886458
41.35121330287565	0.9680643878024201
41.58683275189488	0.9690649298100199
41.822452200914114	0.9716383225281586
42.05807164993335	0.9756349308028975
42.293691098952586	0.9808406984262034
42.52931054797182	0.9869833865165757
42.76492999699106	0.9937414889137788
43.00054944601029	1.000756621896808
43.23616889502952	1.0076498549765407
43.471788344048754	1.014041848795408
43.70740779306799	1.0195758593594546
43.943027242087226	1.0239418035298593
44.17864669110646	1.0268988784304802
44.4142661401257	1.028293923384082
44.64988558914493	1.0280729751519635
44.88550503816416	1.0262843136032218
45.1211244871834	1.0230725591398444
45.35674393620263	1.0186647558853799
45.592363385221866	1.01335050978575
45.827982834241105	1.0074588889298037
46.06360228326034	1.0013348436220553
46.29922173227957	0.9953174508764646
46.5348411812988	0.9897215336285098
46.77046063031804	0.9848233802867548
47.00608007933727	0.9808505825441929
