# k	S
0.11780972450961723	0.04374502857147709
0.35342917352885167	0.04410893150856612
0.5890486225480861	0.04484743331534493
0.8246680715673206	0.045982537044780517
1.060287520586555	0.04754883048611207
1.2959069696057894	0.049595550695126785
1.531526418625024	0.05218963451556117
1.7671458676442584	0.05542006241121553
2.002765316663493	0.059403955753737074
2.2383847656827274	0.0642951115532646
2.474004214701962	0.07029599382547634
2.7096236637211963	0.07767471149399761
2.945243112740431	0.08678930175463614
3.1808625617596653	0.09812287062018236
3.4164820107789	0.11233508364229139
3.6521014597981343	0.13033856387893084
3.8877209088173683	0.1534135531796716
4.123340357836603	0.1833815016209608
4.358959806855838	0.22286857764540424
4.594579255875072	0.2757018013507763
4.830198704894307	0.3474830861346358
5.065818153913541	0.4463388754417242
5.301437602932776	0.5836113145857142
5.53705705195201	0.7734727638914491
5.772676500971244	1.0284078414432003
6.008295949990479	1.3444312607440327
6.243915399009713	1.673723756642208
6.479534848028948	1.9136683727838737
6.715154297048182	1.9701574455219102
6.950773746067417	1.8492956504783191
7.186393195086651	1.6382441393534266
7.422012644105886	1.4177049391594592
7.65763209312512	1.2266957053914498
7.8932515421443545	1.074646923571943
8.12887099116359	0.958525753447192
8.364490440182824	0.872089381125906
8.600109889202058	0.8093823618436089
8.835729338221292	0.7656654492858092
9.071348787240527	0.7374404694648861
9.306968236259761	0.7222308221997296
9.542587685278995	0.7183379452786417
9.77820713429823	0.7246300223759877
10.013826583317464	0.7403637462829771
10.2494460323367	0.7650232120891447
10.485065481355933	0.798156450977164
10.720684930375167	0.839192187543188
10.956304379394401	0.8872272719665788
11.191923828413637	0.9407926751641371
11.427543277432871	0.9976368473976905
11.663162726452105	1.0546071652671947
11.89878217547134	1.1077444239667487
12.134401624490575	1.152692227696128
12.37002107350981	1.1854219795720091
12.605640522529043	1.2030965634107138
12.841259971548277	1.2047474641803377
13.076879420567513	1.1914638350324316
13.312498869586747	1.1660170462205923
13.548118318605981	1.1321175112713282
13.783737767625215	1.0936261897486268
14.01935721664445	1.0539708523041826
14.254976665663685	1.0158525147589375
14.49059611468292	0.9811954629850602
14.726215563702153	0.951242832575649
14.961835012721387	0.9267087216296301
15.197454461740623	0.9079296683308383
15.433073910759857	0.8949881982605438
15.668693359779091	0.8878005810562819
15.904312808798325	0.8861706886715691
16.13993225781756	0.8898154323289406
16.375551706836795	0.8983678716732421
16.61117115585603	0.911363856083035
16.846790604875263	0.9282181563308476
17.0824100538945	0.948196993658358
17.31802950291373	0.9703956496626732
17.553648951932967	0.9937318277809809
17.789268400952203	1.0169663428568079
18.024887849971435	1.0387607281602442
18.26050729899067	1.05777485021018
18.496126748009903	1.0727964985635055
18.73174619702914	1.0828818660426567
18.967365646048375	1.0874763335093849
19.202985095067607	1.08648489113077
19.438604544086843	1.080273163134386
19.67422399310608	1.0695995114446533
19.90984344212531	1.0554976473973796
20.145462891144547	1.0391396235724457
20.38108234016378	1.0217081328341686
20.616701789183015	1.0042976220384003
20.85232123820225	0.9878515735092089
21.087940687221483	0.973133320240042
21.32356013624072	0.9607221401302397
21.55917958525995	0.9510248732774154
21.794799034279187	0.9442944823161888
22.030418483298423	0.9406493150791637
22.266037932317655	0.9400892954109412
22.50165738133689	0.9425073711479715
22.737276830356127	0.9476961820228309
22.97289627937536	0.9553511542814153
23.208515728394595	0.9650721938079546
23.444135177413827	0.9763668794785405
23.679754626433063	0.9886584817809546
23.9153740754523	1.0013020604944982
24.15099352447153	1.01361108325508
24.386612973490767	1.024895277124128
24.62223242251	1.0345078464527782
24.857851871529235	1.041897226220259
25.09347132054847	1.046656049683045
25.329090769567703	1.0485589997094344
25.56471021858694	1.0475823829758237
25.800329667606174	1.0439015629042485
26.035949116625407	1.0378668852098498
26.271568565644642	1.0299629789474187
26.507188014663875	1.0207589958637227
26.74280746368311	1.0108578422854029
26.978426912702346	1.0008510053726136
27.21404636172158	0.9912830164823232
27.449665810740814	0.9826268899935181
27.68528525976005	0.9752697330080204
27.920904708779283	0.969506447084103
28.15652415779852	0.9655390064338026
28.39214360681775	0.9634789819161815
28.627763055836986	0.9633515296216547
28.863382504856222	0.9650997638733693
29.099001953875455	0.968589144071945
29.33462140289469	0.973612137698086
29.570240851913923	0.9798939231011861
29.80586030093316	0.9871002156694172
30.041479749952394	0.9948483820628414
30.277099198971626	1.002722789557314
30.512718647990862	1.0102947840625958
30.748338097010098	1.0171468252797977
30.98395754602933	1.0228992527663618
31.219576995048566	1.0272371419712782
31.4551964440678	1.0299340322121266
31.690815893087034	1.030869242078722
31.92643534210627	1.0300361634017154
32.162054791125506	1.0275402485536547
32.39767424014474	1.0235870606474586
32.63329368916397	1.0184623069749306
32.86891313818321	1.0125068304378175
33.10453258720244	1.0060898812153862
33.340152036221674	0.999583654640592
33.57577148524091	0.9933412706409078
33.811390934260146	0.9876793738135244
34.04701038327938	0.982865611760362
34.28262983229861	0.9791105697174537
34.51824928131785	0.9765633621094584
34.75386873033708	0.9753099838631579
34.989488179356314	0.9753736377998922
35.225107628375554	0.9767164974301111
35.460727077394786	0.9792426611251485
35.69634652641402	0.9828023407341645
35.93196597543326	0.9871975537018602
36.16758542445249	0.9921897097684526
36.40320487347172	0.99750946701497
36.638824322490954	1.002869056571632
36.874443771510194	1.0079769437041708
37.110063220529426	1.0125542434041188
37.34568266954866	1.0163518204173516
37.5813021185679	1.0191665904444336
37.81692156758713	1.0208553245783827
38.05254101660636	1.0213443384049148
38.2881604656256	1.0206338491827391
38.523779914644834	1.0187964492327293
38.759399363664066	1.0159699321048798
38.995018812683305	1.0123454430579037
39.23063826170254	1.0081524481576918
39.46625771072177	1.003642235122818
39.701877159741	0.999071569915462
39.93749660876024	0.9946878078313561
40.173116057779474	0.9907163096757433
40.408735506798706	0.9873505575552229
40.644354955817946	0.9847449882433847
40.87997440483718	0.9830103118930239
41.11559385385641	0.9822109685864018
41.35121330287565	0.9823643755943192
41.58683275189488	0.9834416997579107
41.822452200914114	0.9853700124441424
42.05807164993335	0.9880358104787926
42.293691098952586	0.9912899810727399
42.52931054797182	0.9949543240572576
42.76492999699106	0.9988297014308958
43.00054944601029	1.0027057552938978
43.23616889502952	1.0063719303657512
43.471788344048754	1.0096292859475158
43.70740779306799	1.0123023329730627
43.943027242087226	1.0142499452146843
44.17864669110646	1.0153743284035492
44.4142661401257	1.015627126081076
44.64988558914493	1.015012000461088
44.88550503816416	1.0135834130364818
45.1211244871834	1.011441771190333
45.35674393620263	1.0087255165237687
45.592363385221866	1.0056010304802432
45.827982834241105	1.0022513763242238
46.06360228326034	0.9988648772893987
46.29922173227957	0.9956243790923421
46.5348411812988	0.9926978140849165
46.77046063031804	0.9902304323886684
47.00608007933727	0.9883388412069548
